#RED T > 0
A               = 0.0438785      
B               = 0.150127       
C               = 1.23675        
D               = 0.543991  
A/((X+B)**C)+D

# GREEN T > 0
A               = 0.0305003      
B               = 0.163976       
C               = 1.23965        
D               = 0.69136  
A/((X+B)**C)+D

